0 760 286 21 20 635 290 17 14 734 303 29 30 608 308 24 24 
1 760 286 21 20 634 291 17 14 734 302 28 29 607 309 25 24 
2 760 286 21 21 633 291 18 14 734 302 28 29 606 309 25 25 
3 759 286 22 21 1109 723 219 49 633 291 18 14 735 302 27 28 605 309 25 25 
4 759 285 22 22 633 291 19 14 734 300 27 30 604 309 25 26 
5 760 285 22 22 632 291 19 14 734 299 28 30 1075 675 212 90 603 310 26 26 
6 598 317 29 31 760 285 22 21 1042 635 192 120 633 291 19 15 733 298 27 29 600 311 26 27 
7 760 285 21 21 597 317 30 31 633 291 19 15 733 299 27 28 599 310 27 28 1027 615 185 131 
8 760 285 21 20 633 292 19 15 596 317 30 31 733 297 28 29 1021 600 153 113 598 311 27 29 
9 632 291 19 15 596 316 31 33 734 297 28 29 598 310 27 31 1007 585 160 111 
10 632 291 19 15 734 297 28 28 597 310 27 32 995 577 142 101 595 316 33 34 
11 666 280 12 13 632 292 20 15 595 310 28 31 734 298 27 27 593 316 35 35 973 555 132 91 
12 632 292 20 15 595 309 29 29 733 297 27 27 971 545 118 82 592 316 36 36 
13 760 285 20 19 631 291 20 15 598 308 26 24 733 296 27 28 955 534 118 83 591 318 36 34 
14 600 308 24 22 631 291 20 16 734 296 28 27 591 320 36 33 954 522 102 81 
15 631 291 20 16 733 296 27 27 590 321 37 32 951 518 103 74 
16 936 512 131 69 630 292 19 15 627 298 19 17 734 298 25 24 590 322 34 30 585 326 28 25 927 502 104 67 
17 670 280 12 13 629 292 19 16 627 298 20 18 734 299 24 22 915 494 89 60 590 321 36 32 584 325 29 26 927 496 104 67 
18 669 280 12 13 630 292 19 16 924 492 108 70 590 322 34 32 733 298 23 22 627 298 20 18 914 485 86 69 583 327 30 28 
19 669 280 12 14 591 323 32 31 733 298 23 23 626 298 21 19 909 476 84 65 582 327 30 28 
20 593 323 32 30 669 279 12 14 732 298 23 23 902 472 96 65 625 298 22 19 580 327 31 30 
21 670 279 12 14 891 456 77 57 733 298 22 21 624 297 21 20 577 329 33 30 
22 670 279 12 14 733 298 23 21 892 456 67 52 624 298 21 19 575 328 33 31 
23 670 279 12 14 733 298 22 20 624 297 20 19 574 328 33 30 
24 669 280 12 14 733 298 22 20 624 297 21 19 572 328 35 32 
25 732 297 21 21 669 280 13 15 623 297 21 20 571 327 35 35 
26 739 285 21 20 669 280 13 15 622 297 21 21 567 329 37 33 
27 739 285 21 20 668 280 13 14 622 298 21 20 567 329 35 31 
28 857 424 58 41 740 285 21 19 668 281 13 14 621 298 22 20 565 329 39 34 
29 739 286 21 19 668 281 13 14 557 345 33 29 853 421 66 42 621 297 22 21 566 326 38 29 
30 739 286 22 19 668 281 12 14 621 298 20 20 850 419 64 45 566 326 40 29 555 345 36 32 
31 612 301 22 18 738 285 22 19 668 281 12 14 847 412 56 37 568 324 39 28 552 344 42 38 
32 738 286 22 19 668 282 12 14 611 300 24 19 846 412 56 36 570 324 37 23 550 345 42 39 
33 738 286 22 19 669 282 12 15 612 300 23 18 844 409 57 36 569 324 37 24 547 348 43 37 
34 668 283 12 14 738 285 23 19 612 301 23 17 838 407 64 38 569 325 39 25 544 349 42 36 
35 668 283 12 14 737 285 23 19 834 400 54 37 833 404 71 41 612 301 22 17 569 325 38 25 541 350 43 36 
36 667 284 12 14 736 284 24 20 610 303 23 17 831 395 59 42 569 328 37 25 536 353 47 38 
37 666 284 12 14 830 390 43 32 736 284 24 20 828 392 58 43 611 303 22 17 531 352 48 43 569 329 38 26 
38 666 285 12 14 736 284 24 20 827 389 46 33 825 391 60 43 610 303 22 17 525 353 57 47 568 329 38 25 
39 666 285 12 14 736 283 24 21 823 388 50 34 609 304 22 17 523 352 61 51 567 330 38 24 
40 737 283 23 20 525 354 59 48 822 387 50 35 608 305 23 17 567 330 37 23 
41 524 360 42 35 521 367 49 40 738 284 23 19 557 335 32 21 564 332 37 23 820 384 51 35 607 306 22 19 
42 521 360 43 36 815 376 41 35 738 283 23 19 519 365 49 46 562 331 39 25 556 335 33 22 817 380 51 37 608 306 22 20 
43 738 283 22 19 563 330 39 26 812 376 58 39 514 368 56 44 555 333 33 23 607 306 22 20 
44 665 285 12 15 566 330 36 26 737 283 23 19 607 307 22 19 509 371 59 41 811 373 51 34 554 334 33 23 
45 664 285 12 15 737 282 23 20 505 373 59 41 606 307 22 20 810 371 51 36 554 336 33 23 
46 663 286 13 15 737 281 23 21 496 374 62 44 605 308 23 21 810 369 47 37 552 338 31 24 
47 662 286 13 15 737 282 23 20 498 376 48 46 810 368 44 37 604 307 23 21 551 339 32 25 
48 737 281 22 20 662 286 14 16 807 365 40 31 495 376 52 46 603 307 25 21 549 340 32 26 
49 543 344 36 29 737 280 22 20 661 286 14 16 492 376 52 48 805 365 41 29 548 339 32 27 602 306 25 22 
50 737 280 22 19 661 286 14 16 542 344 35 29 489 379 54 56 804 365 41 29 547 339 31 27 602 307 26 22 
